100 13741 12230.3
110 16794 17175.8
120 21589 22809.5
130 27357 29236.1
140 34847 36560.3
150 43389 44886.6
160 52708 54319.7
170 64632 64964.3
180 83996 76924.9
190 91385 90306.2
200 103150 105213
210 119053 121749
220 173552 140021
230 159626 160131
240 178667 182185
250 199560 206288
260 233884 232544
270 258086 261057
280 278666 291933
290 316911 325276
300 352617 361191
310 387514 399782
320 425171 441153
330 476177 485411
340 509785 532658
350 567259 583000
360 668037 636542
370 696869 693388
380 839710 753642
390 839795 817410
400 886388 884796
410 978096 955904
420 1.04969e+06 1.03084e+06
430 1.10411e+06 1.10971e+06
440 1.15099e+06 1.19261e+06
450 1.25264e+06 1.27966e+06
460 1.27272e+06 1.37095e+06
470 1.52461e+06 1.46659e+06
480 1.48639e+06 1.56668e+06
490 1.76314e+06 1.67134e+06
500 1.78643e+06 1.78066e+06
