100 13574 67759
110 18629 56733.6
120 23982 48386.6
130 29334 42717.8
140 36782 39727.4
150 44597 39415.3
160 55382 41781.5
170 65079 46826
180 78568 54548.8
190 91601 64950
200 106581 78029.5
210 122676 93787.3
220 142333 112223
230 161720 133338
240 183923 157131
250 206894 183602
260 232469 212751
270 261587 244579
280 291303 279085
290 325082 316269
300 360032 356132
310 399857 398673
320 434957 443892
330 476502 491790
340 526510 542366
350 570834 595620
360 625130 651553
370 678861 710164
380 728754 771453
390 788884 835420
400 861449 902066
410 934560 971390
420 994635 1.04339e+06
430 1.10378e+06 1.11807e+06
440 1.19673e+06 1.19543e+06
450 1.22181e+06 1.27547e+06
460 1.39679e+06 1.35819e+06
470 1.59961e+06 1.44358e+06
480 1.56246e+06 1.53165e+06
490 1.61365e+06 1.6224e+06
500 1.72029e+06 1.71583e+06
