1 11.0067
132 11.7618
153 9.7288
261 11.6384
276 10.0992
299 12.7084
365 12.1487
444 14.1158
515 12.2968
535 14.157
584 12.5191
623 13.2434
700 10.9881
709 8.9551
766 11.984
795 10.6671
878 11.1527
944 7.4406
950 8.6423
982 6.0661
997 8.025
1056 7.9263
1072 6.2801
1222 8.2308
1237 7.3336
1305 9.0127
1473 8.988
1571 10.7988
1659 10.0992
1916 14.3051
1941 12.6261
2035 15.5974
2238 14.9224
2253 13.8277
2348 13.7948
2361 11.6795
2398 10.9634
2445 12.552
2483 9.7535
2542 9.3337
2578 6.4941
2610 7.1279
2658 4.2142
2685 6.7327
2743 7.4185
2770 9.9192
2883 10.8141
2897 8.1352
2946 9.2417
2981 6.4366
3025 8.9657
3135 6.3906
3147 7.9044
3259 6.9893
3309 5.0638
3426 6.2176
3490 4.3869
3686 7.0341
3798 6.3378
3854 8.2476
4107 9.306
4174 7.854
